-1.000000 -31.200000
-0.948718 4.128583
-0.897436 24.801498
-0.846154 34.121875
-0.794872 34.975084
-0.743590 29.852572
-0.692308 20.875697
-0.641026 9.819557
-0.589744 -1.863168
-0.538462 -13.018390
-0.487179 -22.766774
-0.435897 -30.479906
-0.384615 -35.756458
-0.333333 -38.398354
-0.282051 -38.386939
-0.230769 -35.859140
-0.179487 -31.083637
-0.128205 -24.437025
-0.076923 -16.379982
-0.025641 -7.433437
0.025641 1.845268
0.076923 10.886211
0.128205 19.130721
0.179487 26.055215
0.230769 31.195031
0.282051 34.168262
0.333333 34.699588
0.384615 32.644116
0.435897 28.011204
0.487179 20.988307
0.538462 11.964800
0.589744 1.555818
0.641026 -9.373909
0.692308 -19.686228
0.743590 -27.945724
0.794872 -32.395887
0.846154 -30.935278
0.897436 -21.093697
0.948718 -0.008346
1.000000 35.600000
