0.000000 0.956826
0.020000 0.983699
0.040000 1.010062
0.060000 1.036039
0.080000 1.061739
0.100000 1.087261
0.120000 1.112694
0.140000 1.138115
0.160000 1.163595
0.180000 1.189198
0.200000 1.214981
0.220000 1.240995
0.240000 1.267285
0.260000 1.293895
0.280000 1.320862
0.300000 1.348220
0.320000 1.376001
0.340000 1.404234
0.360000 1.432946
0.380000 1.462162
0.400000 1.491904
0.420000 1.522194
0.440000 1.553053
0.460000 1.584501
0.480000 1.616556
0.500000 1.649236
0.520000 1.682558
0.540000 1.716540
0.560000 1.751198
0.580000 1.786549
0.600000 1.822608
0.620000 1.859392
0.640000 1.896918
0.660000 1.935200
0.680000 1.974255
0.700000 2.014101
0.720000 2.054752
0.740000 2.096226
0.760000 2.138540
0.780000 2.181710
0.800000 2.225755
0.820000 2.270692
0.840000 2.316539
0.860000 2.363313
0.880000 2.411035
0.900000 2.459723
0.920000 2.509396
0.940000 2.560074
0.960000 2.611778
0.980000 2.664527
1.000000 2.718344
